250000000
52301766
6073
5465
2956177
93987
1060448
29494
6747
7497
6073
5465
6073
2463480
11427
35393
5465
6073
12696
10284
14107
4919
4171926
6073
25801
4919
6747
17416
116033
76129
166666667
174050
6073
9256
12696
9420257
196503
695760
8330
3379260
11107
17416
30883670
927680
10284
4919
16412848
5465
8996
262004
28668
4919
76129
11107
104430
16928
166666667
3379260
5465
5465
6073
8996
4171926
23512
8097
3649601
116033
32771
125316
10284
4427
8722461
36412
4427
5465
154711
9996
4427
9256
9256
1616290
6747
7497
4427
773066
6073
21501
10284
1309195
10284
8330
10466953
6747
954403
6073
5465
4919
6558
6073
36412
