0
1
3
7
15
31
63
127
255
511
1023
2047
4095
4099
4100
4101
4103
4108
4109
4111
4124
4125
4127
4156
4157
4159
4220
4221
4223
4348
4349
4351
4604
4605
4607
5116
5117
5119
6140
6141
6143
8188
8189
8191
12294
12295
12298
12299
12302
12303
12312
12313
12314
12315
12318
12319
12344
12345
12346
12347
12350
12351
12408
12409
12410
12411
12414
12415
12536
12537
12538
12539
12542
12543
12792
12793
12794
12795
12798
12799
13304
13305
13306
13307
13310
13311
14328
14329
14330
14331
14334
14335
16376
16377
16378
16379
16382
16383
28686
28687
28694
28695
28702
28703
28722
28723
28726
28727
28734
28735
28784
28785
28786
28787
28790
28791
28798
28799
28912
28913
28914
28915
28918
28919
28926
28927
29168
29169
29170
29171
29174
29175
29182
29183
29680
29681
29682
29683
29686
29687
29694
29695
30704
30705
30706
30707
30710
30711
30718
30719
32752
32753
32754
32755
32758
32759
32766
32767
61470
61471
61486
61487
61502
61503
61542
61543
61550
61551
61566
61567
61666
61667
61670
61671
61678
61679
61694
61695
61920
61921
61922
61923
61926
61927
61934
61935
61950
61951
62432
62433
62434
62435
62438
62439
62446
62447
62462
62463
63456
63457
63458
63459
63462
63463
63470
63471
63486
63487
65504
65505
65506
65507
65510
65511
65518
65519
65534
65535
127038
127039
127070
127071
127102
127103
127182
127183
127198
127199
127230
127231
127430
127431
127438
127439
127454
127455
127486
127487
127938
127939
127942
127943
127950
127951
127966
127967
127998
127999
128960
128961
128962
128963
128966
128967
128974
128975
128990
128991
129022
129023
131008
131009
131010
131011
131014
131015
131022
131023
131038
131039
131070
131071
258174
258175
258238
258239
258302
258303
258462
258463
258494
258495
258558
258559
258958
258959
258974
258975
259006
259007
259070
259071
259974
259975
259982
259983
259998
259999
260030
260031
