0
1
3
7
15
31
63
67
68
69
71
76
77
79
92
93
95
124
125
127
198
199
202
203
206
207
216
217
218
219
222
223
248
249
250
251
254
255
462
463
470
471
478
479
498
499
502
503
510
511
990
991
1006
1007
1022
1023
2046
2047
2247
2251
2255
2264
2267
2271
2296
2299
2303
2319
2320
2335
2352
2367
2380
2383
2387
2396
2399
2416
2419
2428
2431
2510
2511
2518
2519
2522
2523
2526
2527
2546
2547
2550
2551
2552
2554
2555
2558
2559
2846
2847
2878
2879
2908
2910
2911
2940
2942
2943
3038
3039
3054
3055
3066
3067
3070
3071
3902
3903
3964
3966
3967
4094
4095
6543
6559
6576
6591
6607
6615
6620
6621
6623
6643
6644
6647
6652
6653
6655
6808
6815
6840
6847
6875
6876
6879
6887
6904
6907
6908
6911
7070
7071
7102
7103
7134
7135
7150
7151
7158
7159
7164
7165
7166
7167
7740
7743
7804
7807
7864
7870
7871
7930
7931
7932
7934
7935
8126
8127
8190
8191
15260
15261
15263
15276
15292
15293
15295
15327
15343
15356
15357
15359
15796
15804
15807
15863
15868
15871
16316
16317
16318
16319
16382
16383
32700
32701
32703
32767
39375
39383
39391
39415
39423
39639
39647
39655
39671
39679
39902
39903
39918
39919
39926
39927
39934
39935
40496
40511
40694
40695
40702
40703
40958
40959
41951
41983
42047
43007
43807
43839
43998
43999
44030
44031
44287
44862
44863
45054
45055
48031
48063
48095
48111
48119
48124
48125
48127
48575
48631
48636
48639
48824
48831
48892
48895
49086
49087
49150
49151
59326
59327
59391
61244
61247
61374
61375
61438
61439
65468
65469
65471
65535
111582
111583
111614
111615
112638
112639
113631
113647
113659
113663
114159
114167
114175
114495
114556
114559
114686
114687
120383
120831
122623
122687
122878
122879
128958
128959
129022
129023
131007
131071
259903
259964
259965
259967
260094
260095
262143
375775
375791
375807
376303
376319
376830
376831
384511
385022
385023
393151
393215
425983
452607
458687
458751
522238
522239
524287
1015743
1015807
1048575
2097151
