205254527
132871785
219471453
216300211
63959653
245194171
91261229
103638456
194456109
128461157
106029899
225347795
55334404
24339359
130677366
231532254
38440727
82128112
202461930
238993198
10741036
59057535
135643622
162214525
14562286
157345373
221830045
582605
185663717
258163269
69234192
90138657
157039593
226011536
7369091
68830889
109906073
181920253
158611949
120850728
45724305
191548850
134130595
11205607
106966200
195463786
123187537
213291809
10595166
84742308
75987814
129397472
195436347
41775761
165729586
178276946
24073100
181043087
39622528
100036948
247966492
175544676
240708063
179701461
126690390
171707332
253876068
194961060
141671800
14949054
15394552
232768734
44962875
131427756
174443348
30845802
168316650
114856539
219659131
224259647
143487761
102010264
265827647
94943432
217556096
159732409
109821833
146456836
9276934
23903890
107711890
111605408
99774193
176493616
140048228
102292663
101275138
1480083
266944693
159858167
