42213649061
50842103909
27078539888
2329008014
29925535206
54181033936
46838724617
45320795814
41632679743
61411115488
196024486
40119623607
53667325799
4555857881
17530808354
5179489649
60347286236
3188500660
62308484038
19344052069
49136643831
2388889501
52961142790
11576234990
49353815983
55461888204
33067544699
3339788242
51325988216
62270101710
57723813047
35002924348
20780647646
3168855112
29428248901
19805782529
14538274026
387367926
38689398275
37528153123
60628384895
60235341089
25651097122
11494150954
54441585912
27263302537
20655408631
63221720789
17598996872
60962262730
68605191633
66558728892
41261957951
55810361444
20874741299
40468219320
2242854631
58774265404
31431737418
16466803878
36152287337
12719427798
4640933561
61027694657
54849950306
45506442253
33442510895
7660652077
49182661013
6756604868
27361616409
62664143585
13738886150
42167138726
48543139950
18654851571
40320428689
50818491470
36531077930
16834013653
15027148431
35188351358
45878964536
11020555006
62032248931
13004442261
26957830016
13634715690
62812763359
67419466521
21548516064
56824268281
11061961632
10007654654
40419203669
37475040785
60572191992
1629469887
5006061263
6150974431
