0
1
3
7
15
31
63
127
255
511
1023
2047
4095
8191
16383
16387
16388
16389
16391
16396
16397
16399
16412
16413
16415
16444
16445
16447
16508
16509
16511
16636
16637
16639
16892
16893
16895
17404
17405
17407
18428
18429
18431
20476
20477
20479
24572
24573
24575
32764
32765
32767
49158
49159
49162
49163
49166
49167
49176
49177
49178
49179
49182
49183
49208
49209
49210
49211
49214
49215
49272
49273
49274
49275
49278
49279
49400
49401
49402
49403
49406
49407
49656
49657
49658
49659
49662
49663
50168
50169
50170
50171
50174
50175
51192
51193
51194
51195
51198
51199
53240
53241
53242
53243
53246
53247
57336
57337
57338
57339
57342
57343
65528
65529
65530
65531
65534
65535
114702
114703
114710
114711
114718
114719
114738
114739
114742
114743
114750
114751
114800
114801
114802
114803
114806
114807
114814
114815
114928
114929
114930
114931
114934
114935
114942
114943
115184
115185
115186
115187
115190
115191
115198
115199
115696
115697
115698
115699
115702
115703
115710
115711
116720
116721
116722
116723
116726
116727
116734
116735
118768
118769
118770
118771
118774
118775
118782
118783
122864
122865
122866
122867
122870
122871
122878
122879
131056
131057
131058
131059
131062
131063
131070
131071
245790
245791
245806
245807
245822
245823
245862
245863
245870
245871
245886
245887
245986
245987
245990
245991
245998
245999
246014
246015
246240
246241
246242
246243
246246
246247
246254
246255
246270
246271
246752
246753
246754
246755
246758
246759
246766
246767
246782
246783
247776
247777
247778
247779
247782
247783
247790
247791
247806
247807
249824
249825
249826
249827
249830
249831
249838
249839
249854
249855
253920
253921
253922
253923
253926
253927
253934
253935
253950
253951
262112
262113
262114
262115
262118
262119
262126
262127
262142
262143
507966
507967
507998
507999
508030
508031
508110
508111
508126
508127
508158
508159
508358
508359
508366
508367
508382
508383
508414
508415
508866
508867
508870
508871
508878
508879
