4595215060513245
23080601576428154
8409583134519188
17548455535721017
20905363478076671
5659903537201789
34177790713333741
8506718554325320
10624732804948927
1339209526046453
8059172961110334
12361726495984340
21398398349326163
33688896157359961
28696022485184323
5589845923470698
8771964858157962
21579696965160950
14896553694873689
7941680949778597
8787957248964126
27377775067220320
27841141936154104
5387821227692416
35355752076068684
9481767627811801
27036188148632359
6810343956899737
15062663850560072
10868445367575445
3310412516309661
2600228092141858
3290838523415743
10229627910630864
12615319039545914
28753143299370990
28512479390106566
98594648851142
21857333126717930
2338073348498505
26442048336201390
17614233082604213
25692669006955695
4024146156779900
11027173478610741
1163785836338698
33197815457405535
19603821842745397
26142112560911844
9496160283593278
9533781297479717
16729970026426461
17752313155652273
30730137135466032
24918549553016380
12447246076055149
32163360008655461
33121014081428318
30901334770228849
4522383858382606
8312057631961074
8504132504943476
15109542595986600
15860016045824276
30943936062648375
7471672545488243
1024777732901153
30080346211728499
13365173677261589
30804809033727787
27476552643518381
25061610645180164
24307824301585263
34029044612688259
31020746373214836
4814923090827682
5069179532542350
35737091095320188
23006066234777771
24905974554841332
33976701018983412
10121949369784823
10411978806922168
16154524587079839
7662685933356188
4922117920041544
31863234832070820
26093199946377871
29548575139426720
8911257080939647
2930572929218126
23223080488163718
7999411891533000
859795002888039
14921836246068439
13953375500718175
31925437250437106
29921292184110847
22619570047853963
15267174635055126
