27428
25483
1940
23859
16454
13797
5804
4133
31139
29731
28356
24831
1664
9828
18204
18486
20179
21064
17715
21502
12055
28396
7207
31145
19848
4080
11793
9970
19771
23009
31319
7639
25152
28641
27729
4380
2400
23582
2382
32617
26967
25154
10015
16937
27698
7103
29017
30992
32710
20616
16529
18832
32670
27999
21513
4384
22094
6995
26936
17610
32493
29900
10783
13334
2080
3071
22946
27988
4255
199
4075
23968
18077
30719
31739
11707
12895
8531
12292
11040
2061
13280
21455
5646
4352
1426
20334
24799
27391
21640
20876
23371
32740
32768
32698
1104
24559
256
137
24445
