702917369376
31262791631811
29089264186658
14456312662664
21837677806796
5673884772053
8688141167695
2465268882570
29593040022522
13279460768683
1938757164195
13923564324543
18767902825208
9054626023816
28600042768131
22195171046191
727345796346
3210754959874
22017022377642
24014271733109
20009515853949
12917395706576
31765556696378
27953809229732
1555652280012
6222394015906
3342289722847
21643063642283
6022600677819
21323470632353
3456733044570
28594781442901
2816421232305
18918671785019
23918793238677
18072340991407
12170875209395
12037592834244
9183474011920
5838579824868
1127673718504
11966583106092
31403519200470
12617574734239
16816752174854
5285954947675
7375345264500
12611224616939
16166586113266
16710354696372
24447732279080
20099250897060
9284629796785
303958761384
35095694974035
33160293032186
19639352942464
12185843785700
10954474120074
16615245201365
15928758554407
22137887648866
28147008092855
19311949227768
29238483776256
20132447823008
14277291659743
11082608487570
33324873360265
8263632336860
27527720415109
17838442409634
24826169089359
15151847473396
29742468902629
5619289891269
27065390581382
25734420233704
2177649222578
27204149725141
26467179578358
23231678542324
17197560198164
32392595128997
12668827512517
25732203665236
23970432017429
33193815016009
16431590378025
25940995479936
19480904990921
13932545445928
21501625651499
227533133258
4686339525317
34722936961331
849269672148
28451236992266
19815038375164
16759017405650
